0,0.41004,-0.13679
0.00037185,0.41004,-0.12576
0.00074369,0.41004,-0.12591
0.0011155,0.41004,-0.12048
0.0014874,0.41004,-0.12063
0.0018592,0.41004,-0.11659
0.0022311,0.41004,-0.11674
0.0026029,0.41004,-0.1134
0.0029748,0.41004,-0.11355
0.0033466,0.41004,-0.11065
0.0037185,0.41004,-0.11079
0.0040903,0.41004,-0.1082
0.0044621,0.41004,-0.10835
0.004834,0.41004,-0.10599
0.0052058,0.41004,-0.10613
0.0055777,0.41004,-0.10395
0.0059495,0.41004,-0.10409
0.0063214,0.41004,-0.10206
0.0066932,0.41004,-0.1022
0.0070651,0.41004,-0.10029
0.0074369,0.41004,-0.10043
0.0078088,0.41004,-0.098625
0.0081806,0.41004,-0.098764
0.0085524,0.41004,-0.097049
0.0089243,0.41004,-0.097187
0.0092961,0.41004,-0.095552
0.009668,0.41004,-0.09569
0.01004,0.41004,-0.094125
0.010412,0.41004,-0.094261
0.010784,0.41004,-0.092759
0.011155,0.41004,-0.092895
0.011527,0.41004,-0.091448
0.011899,0.41004,-0.091584
0.012271,0.41004,-0.090189
0.012643,0.41004,-0.090324
0.013015,0.41004,-0.088975
0.013386,0.41004,-0.08911
0.013758,0.41004,-0.087803
0.01413,0.41004,-0.087938
0.014502,0.41004,-0.086671
0.014874,0.41004,-0.086805
0.015246,0.41004,-0.085574
0.015618,0.41004,-0.085707
0.015989,0.41004,-0.084511
0.016361,0.41004,-0.084644
0.016733,0.41004,-0.083478
0.017105,0.41004,-0.083611
0.017477,0.41004,-0.082475
0.017849,0.41004,-0.082607
0.01822,0.41004,-0.081499
0.018592,0.41004,-0.081631
0.018964,0.41004,-0.080549
0.019336,0.41004,-0.08068
0.019708,0.41004,-0.079623
0.02008,0.41004,-0.079754
0.020452,0.41004,-0.078719
0.020823,0.41004,-0.07885
0.021195,0.41004,-0.077837
0.021567,0.41004,-0.077968
0.021939,0.41004,-0.076976
0.022311,0.41004,-0.077106
0.022683,0.41004,-0.076134
0.023054,0.41004,-0.076264
0.023426,0.41004,-0.075311
0.023798,0.41004,-0.07544
0.02417,0.41004,-0.074505
0.024542,0.41004,-0.074634
0.024914,0.41004,-0.073716
0.025286,0.41004,-0.073844
0.025657,0.41004,-0.072943
0.026029,0.41004,-0.073071
0.026401,0.41004,-0.072186
0.026773,0.41004,-0.072313
0.027145,0.41004,-0.071443
0.027517,0.41004,-0.07157
0.027888,0.41004,-0.070714
0.02826,0.41004,-0.070841
0.028632,0.41004,-0.069999
0.029004,0.41004,-0.070126
0.029376,0.41004,-0.069297
0.029748,0.41004,-0.069424
0.030119,0.41004,-0.068608
0.030491,0.41004,-0.068734
0.030863,0.41004,-0.067931
0.031235,0.41004,-0.068057
0.031607,0.41004,-0.067265
0.031979,0.41004,-0.067391
0.032351,0.41004,-0.066611
0.032722,0.41004,-0.066736
0.033094,0.41004,-0.065968
0.033466,0.41004,-0.066093
0.033838,0.41004,-0.065335
0.03421,0.41004,-0.06546
0.034582,0.41004,-0.064713
0.034953,0.41004,-0.064837
0.035325,0.41004,-0.0641
0.035697,0.41004,-0.064224
0.036069,0.41004,-0.063497
0.036441,0.41004,-0.06362
0.036813,0.41004,-0.062903
0.037185,0.41004,-0.063026
0.037556,0.41004,-0.062318
0.037928,0.41004,-0.062441
0.0383,0.41004,-0.061742
0.038672,0.41004,-0.061865
0.039044,0.41004,-0.061174
0.039416,0.41004,-0.061297
0.039787,0.41004,-0.060615
0.040159,0.41004,-0.060737
0.040531,0.41004,-0.060063
0.040903,0.41004,-0.060185
0.041275,0.41004,-0.059519
0.041647,0.41004,-0.059641
0.042019,0.41004,-0.058983
0.04239,0.41004,-0.059105
0.042762,0.41004,-0.058455
0.043134,0.41004,-0.058576
0.043506,0.41004,-0.057933
0.043878,0.41004,-0.058054
0.04425,0.41004,-0.057419
0.044621,0.41004,-0.057539
0.044993,0.41004,-0.056911
0.045365,0.41004,-0.057031
0.045737,0.41004,-0.05641
0.046109,0.41004,-0.05653
0.046481,0.41004,-0.055915
0.046853,0.41004,-0.056035
0.047224,0.41004,-0.055427
0.047596,0.41004,-0.055547
0.047968,0.41004,-0.054945
0.04834,0.41004,-0.055065
0.048712,0.41004,-0.054469
0.049084,0.41004,-0.054589
0.049455,0.41004,-0.053999
0.049827,0.41004,-0.054118
0.050199,0.41004,-0.053535
0.050571,0.41004,-0.053654
0.050943,0.41004,-0.053076
0.051315,0.41004,-0.053195
0.051687,0.41004,-0.052623
0.052058,0.41004,-0.052742
0.05243,0.41004,-0.052175
0.052802,0.41004,-0.052294
0.053174,0.41004,-0.051733
0.053546,0.41004,-0.051851
0.053918,0.41004,-0.051296
0.054289,0.41004,-0.051414
0.054661,0.41004,-0.050864
0.055033,0.41004,-0.050982
0.055405,0.41004,-0.050437
0.055777,0.41004,-0.050554
0.056149,0.41004,-0.050014
0.056521,0.41004,-0.050132
0.056892,0.41004,-0.049597
0.057264,0.41004,-0.049714
0.057636,0.41004,-0.049184
0.058008,0.41004,-0.049301
0.05838,0.41004,-0.048776
0.058752,0.41004,-0.048893
0.059123,0.41004,-0.048373
0.059495,0.41004,-0.048489
0.059867,0.41004,-0.047973
0.060239,0.41004,-0.04809
0.060611,0.41004,-0.047578
0.060983,0.41004,-0.047695
0.061355,0.41004,-0.047188
0.061726,0.41004,-0.047304
0.062098,0.41004,-0.046801
0.06247,0.41004,-0.046917
0.062842,0.41004,-0.046419
0.063214,0.41004,-0.046535
0.063586,0.41004,-0.046041
0.063957,0.41004,-0.046156
0.064329,0.41004,-0.045667
0.064701,0.41004,-0.045782
0.065073,0.41004,-0.045296
0.065445,0.41004,-0.045411
0.065817,0.41004,-0.04493
0.066189,0.41004,-0.045045
0.06656,0.41004,-0.044567
0.066932,0.41004,-0.044682
0.067304,0.41004,-0.044208
0.067676,0.41004,-0.044322
0.068048,0.41004,-0.043853
0.06842,0.41004,-0.043967
0.068791,0.41004,-0.043501
0.069163,0.41004,-0.043615
0.069535,0.41004,-0.043152
0.069907,0.41004,-0.043266
0.070279,0.41004,-0.042808
0.070651,0.41004,-0.042921
0.071023,0.41004,-0.042466
0.071394,0.41004,-0.04258
0.071766,0.41004,-0.042128
0.072138,0.41004,-0.042242
0.07251,0.41004,-0.041793
0.072882,0.41004,-0.041907
0.073254,0.41004,-0.041462
0.073625,0.41004,-0.041575
0.073997,0.41004,-0.041134
0.074369,0.41004,-0.041247
0.074741,0.41004,-0.040809
0.075113,0.41004,-0.040921
0.075485,0.41004,-0.040487
0.075857,0.41004,-0.040599
0.076228,0.41004,-0.040168
0.0766,0.41004,-0.04028
0.076972,0.41004,-0.039852
0.077344,0.41004,-0.039964
0.077716,0.41004,-0.039539
0.078088,0.41004,-0.039651
0.078459,0.41004,-0.039229
0.078831,0.41004,-0.039341
0.079203,0.41004,-0.038922
0.079575,0.41004,-0.039034
0.079947,0.41004,-0.038618
0.080319,0.41004,-0.03873
0.080691,0.41004,-0.038317
0.081062,0.41004,-0.038428
0.081434,0.41004,-0.038018
0.081806,0.41004,-0.038129
0.082178,0.41004,-0.037722
0.08255,0.41004,-0.037833
0.082922,0.41004,-0.037429
0.083293,0.41004,-0.03754
0.083665,0.41004,-0.037139
0.084037,0.41004,-0.037249
0.084409,0.41004,-0.036851
0.084781,0.41004,-0.036961
0.085153,0.41004,-0.036566
0.085524,0.41004,-0.036676
0.085896,0.41004,-0.036283
0.086268,0.41004,-0.036393
0.08664,0.41004,-0.036003
0.087012,0.41004,-0.036113
0.087384,0.41004,-0.035725
0.087756,0.41004,-0.035835
0.088127,0.41004,-0.03545
0.088499,0.41004,-0.03556
0.088871,0.41004,-0.035177
0.089243,0.41004,-0.035287
0.089615,0.41004,-0.034907
0.089987,0.41004,-0.035017
0.090358,0.41004,-0.034639
0.09073,0.41004,-0.034748
0.091102,0.41004,-0.034374
0.091474,0.41004,-0.034483
0.091846,0.41004,-0.03411
0.092218,0.41004,-0.034219
0.09259,0.41004,-0.033849
0.092961,0.41004,-0.033958
0.093333,0.41004,-0.033591
0.093705,0.41004,-0.033699
0.094077,0.41004,-0.033334
0.094449,0.41004,-0.033443
0.094821,0.41004,-0.03308
0.095192,0.41004,-0.033188
0.095564,0.41004,-0.032828
0.095936,0.41004,-0.032936
0.096308,0.41004,-0.032578
0.09668,0.41004,-0.032686
0.097052,0.41004,-0.03233
0.097424,0.41004,-0.032438
0.097795,0.41004,-0.032084
0.098167,0.41004,-0.032192
0.098539,0.41004,-0.031841
0.098911,0.41004,-0.031948
0.099283,0.41004,-0.031599
0.099655,0.41004,-0.031707
0.10003,0.41004,-0.03136
0.1004,0.41004,-0.031467
0.10077,0.41004,-0.031122
0.10114,0.41004,-0.031229
0.10151,0.41004,-0.030887
0.10189,0.41004,-0.030994
0.10226,0.41004,-0.030653
0.10263,0.41004,-0.03076
0.103,0.41004,-0.030421
0.10337,0.41004,-0.030528
0.10374,0.41004,-0.030192
0.10412,0.41004,-0.030298
0.10449,0.41004,-0.029964
0.10486,0.41004,-0.03007
0.10523,0.41004,-0.029738
0.1056,0.41004,-0.029844
0.10598,0.41004,-0.029514
0.10635,0.41004,-0.02962
0.10672,0.41004,-0.029292
0.10709,0.41004,-0.029398
0.10746,0.41004,-0.029071
0.10784,0.41004,-0.029177
0.10821,0.41004,-0.028853
0.10858,0.41004,-0.028959
0.10895,0.41004,-0.028636
0.10932,0.41004,-0.028742
0.10969,0.41004,-0.028421
0.11007,0.41004,-0.028527
0.11044,0.41004,-0.028208
0.11081,0.41004,-0.028313
0.11118,0.41004,-0.027996
0.11155,0.41004,-0.028102
0.11193,0.41004,-0.027787
0.1123,0.41004,-0.027892
0.11267,0.41004,-0.027578
0.11304,0.41004,-0.027683
0.11341,0.41004,-0.027372
0.11378,0.41004,-0.027477
0.11416,0.41004,-0.027167
0.11453,0.41004,-0.027272
0.1149,0.41004,-0.026964
0.11527,0.41004,-0.027069
0.11564,0.41004,-0.026763
0.11602,0.41004,-0.026867
0.11639,0.41004,-0.026563
0.11676,0.41004,-0.026667
0.11713,0.41004,-0.026364
0.1175,0.41004,-0.026469
0.11788,0.41004,-0.026168
0.11825,0.41004,-0.026272
0.11862,0.41004,-0.025973
0.11899,0.41004,-0.026077
0.11936,0.41004,-0.025779
0.11973,0.41004,-0.025883
0.12011,0.41004,-0.025587
0.12048,0.41004,-0.025691
0.12085,0.41004,-0.025396
0.12122,0.41004,-0.0255
0.12159,0.41004,-0.025207
0.12197,0.41004,-0.025311
0.12234,0.41004,-0.02502
0.12271,0.41004,-0.025123
0.12308,0.41004,-0.024834
0.12345,0.41004,-0.024937
0.12382,0.41004,-0.024649
0.1242,0.41004,-0.024752
0.12457,0.41004,-0.024466
0.12494,0.41004,-0.024569
0.12531,0.41004,-0.024284
0.12568,0.41004,-0.024387
0.12606,0.41004,-0.024104
0.12643,0.41004,-0.024207
0.1268,0.41004,-0.023925
0.12717,0.41004,-0.024028
0.12754,0.41004,-0.023748
0.12791,0.41004,-0.02385
0.12829,0.41004,-0.023572
0.12866,0.41004,-0.023674
0.12903,0.41004,-0.023397
0.1294,0.41004,-0.023499
0.12977,0.41004,-0.023224
0.13015,0.41004,-0.023326
0.13052,0.41004,-0.023052
0.13089,0.41004,-0.023154
0.13126,0.41004,-0.022881
0.13163,0.41004,-0.022983
0.13201,0.41004,-0.022712
0.13238,0.41004,-0.022813
0.13275,0.41004,-0.022544
0.13312,0.41004,-0.022645
0.13349,0.41004,-0.022377
0.13386,0.41004,-0.022478
0.13424,0.41004,-0.022211
0.13461,0.41004,-0.022313
0.13498,0.41004,-0.022047
0.13535,0.41004,-0.022149
0.13572,0.41004,-0.021884
0.1361,0.41004,-0.021986
0.13647,0.41004,-0.021723
0.13684,0.41004,-0.021824
0.13721,0.41004,-0.021562
0.13758,0.41004,-0.021663
0.13795,0.41004,-0.021403
0.13833,0.41004,-0.021504
0.1387,0.41004,-0.021245
0.13907,0.41004,-0.021346
0.13944,0.41004,-0.021088
0.13981,0.41004,-0.021189
0.14019,0.41004,-0.020933
0.14056,0.41004,-0.021033
0.14093,0.41004,-0.020778
0.1413,0.41004,-0.020879
0.14167,0.41004,-0.020625
0.14205,0.41004,-0.020726
0.14242,0.41004,-0.020473
0.14279,0.41004,-0.020574
0.14316,0.41004,-0.020322
0.14353,0.41004,-0.020423
0.1439,0.41004,-0.020173
0.14428,0.41004,-0.020273
0.14465,0.41004,-0.020024
0.14502,0.41004,-0.020124
0.14539,0.41004,-0.019877
0.14576,0.41004,-0.019977
0.14614,0.41004,-0.019731
0.14651,0.41004,-0.01983
0.14688,0.41004,-0.019585
0.14725,0.41004,-0.019685
0.14762,0.41004,-0.019441
0.14799,0.41004,-0.019541
0.14837,0.41004,-0.019298
0.14874,0.41004,-0.019398
0.14911,0.41004,-0.019156
0.14948,0.41004,-0.019256
0.14985,0.41004,-0.019016
0.15023,0.41004,-0.019115
0.1506,0.41004,-0.018876
0.15097,0.41004,-0.018975
0.15134,0.41004,-0.018737
0.15171,0.41004,-0.018836
0.15208,0.41004,-0.018599
0.15246,0.41004,-0.018698
0.15283,0.41004,-0.018463
0.1532,0.41004,-0.018561
0.15357,0.41004,-0.018327
0.15394,0.41004,-0.018426
0.15432,0.41004,-0.018193
0.15469,0.41004,-0.018291
0.15506,0.41004,-0.018059
0.15543,0.41004,-0.018157
0.1558,0.41004,-0.017927
0.15618,0.41004,-0.018025
0.15655,0.41004,-0.017795
0.15692,0.41004,-0.017893
0.15729,0.41004,-0.017664
0.15766,0.41004,-0.017762
0.15803,0.41004,-0.017535
0.15841,0.41004,-0.017633
0.15878,0.41004,-0.017406
0.15915,0.41004,-0.017504
0.15952,0.41004,-0.017279
0.15989,0.41004,-0.017376
0.16027,0.41004,-0.017152
0.16064,0.41004,-0.017249
0.16101,0.41004,-0.017026
0.16138,0.41004,-0.017124
0.16175,0.41004,-0.016901
0.16212,0.41004,-0.016999
0.1625,0.41004,-0.016778
0.16287,0.41004,-0.016875
0.16324,0.41004,-0.016655
0.16361,0.41004,-0.016752
0.16398,0.41004,-0.016533
0.16436,0.41004,-0.01663
0.16473,0.41004,-0.016412
0.1651,0.41004,-0.016508
0.16547,0.41004,-0.016291
0.16584,0.41004,-0.016388
0.16622,0.41004,-0.016172
0.16659,0.41004,-0.016269
0.16696,-0.41004,0.24613
0.16733,-0.41004,0.23515
0.1677,-0.41004,0.23008
0.16807,-0.41004,0.2247
0.16845,-0.41004,0.22102
0.16882,-0.41004,0.21704
0.16919,-0.41004,0.21406
0.16956,-0.41004,0.21077
0.16993,-0.41004,0.20823
0.17031,-0.41004,0.20538
0.17068,-0.41004,0.20315
0.17105,-0.41004,0.2006
0.17142,-0.41004,0.1986
0.17179,-0.41004,0.19628
0.17216,-0.41004,0.19445
0.17254,-0.41004,0.19232
0.17291,-0.41004,0.19064
0.17328,-0.41004,0.18865
0.17365,-0.41004,0.18709
0.17402,-0.41004,0.18522
0.1744,-0.41004,0.18376
0.17477,-0.41004,0.182
0.17514,-0.41004,0.18063
0.17551,-0.41004,0.17896
0.17588,-0.41004,0.17767
0.17625,-0.41004,0.17607
0.17663,-0.41004,0.17485
0.177,-0.41004,0.17332
0.17737,-0.41004,0.17216
0.17774,-0.41004,0.1707
0.17811,-0.41004,0.16959
0.17849,-0.41004,0.16818
0.17886,-0.41004,0.16712
0.17923,-0.41004,0.16577
0.1796,-0.41004,0.16475
0.17997,-0.41004,0.16344
0.18035,-0.41004,0.16247
0.18072,-0.41004,0.1612
0.18109,-0.41004,0.16027
0.18146,-0.41004,0.15904
0.18183,-0.41004,0.15814
0.1822,-0.41004,0.15695
0.18258,-0.41004,0.15608
0.18295,-0.41004,0.15492
0.18332,-0.41004,0.15409
0.18369,-0.41004,0.15296
0.18406,-0.41004,0.15215
0.18444,-0.41004,0.15105
0.18481,-0.41004,0.15027
0.18518,-0.41004,0.1492
0.18555,-0.41004,0.14844
0.18592,-0.41004,0.1474
0.18629,-0.41004,0.14666
0.18667,-0.41004,0.14564
0.18704,-0.41004,0.14493
0.18741,-0.41004,0.14393
0.18778,-0.41004,0.14324
0.18815,-0.41004,0.14226
0.18853,-0.41004,0.14159
0.1889,-0.41004,0.14064
0.18927,-0.41004,0.13998
0.18964,-0.41004,0.13905
0.19001,-0.41004,0.13841
0.19038,-0.41004,0.13749
0.19076,-0.41004,0.13687
0.19113,-0.41004,0.13597
0.1915,-0.41004,0.13537
0.19187,-0.41004,0.13449
0.19224,-0.41004,0.1339
0.19262,-0.41004,0.13303
0.19299,-0.41004,0.13246
0.19336,-0.41004,0.13161
0.19373,-0.41004,0.13105
0.1941,-0.41004,0.13022
0.19448,-0.41004,0.12967
0.19485,-0.41004,0.12885
0.19522,-0.41004,0.12831
0.19559,-0.41004,0.12751
0.19596,-0.41004,0.12699
0.19633,-0.41004,0.12619
0.19671,-0.41004,0.12568
0.19708,-0.41004,0.1249
0.19745,-0.41004,0.1244
0.19782,-0.41004,0.12363
0.19819,-0.41004,0.12315
0.19857,-0.41004,0.12239
0.19894,-0.41004,0.12191
0.19931,-0.41004,0.12117
0.19968,-0.41004,0.1207
0.20005,-0.41004,0.11996
0.20042,-0.41004,0.11951
0.2008,-0.41004,0.11878
0.20117,-0.41004,0.11834
0.20154,-0.41004,0.11762
0.20191,-0.41004,0.11718
0.20228,-0.41004,0.11648
0.20266,-0.41004,0.11605
0.20303,-0.41004,0.11536
0.2034,-0.41004,0.11494
0.20377,-0.41004,0.11425
0.20414,-0.41004,0.11384
0.20452,-0.41004,0.11316
0.20489,-0.41004,0.11276
0.20526,-0.41004,0.11209
0.20563,-0.41004,0.11169
0.206,-0.41004,0.11104
0.20637,-0.41004,0.11065
0.20675,-0.41004,0.11
0.20712,-0.41004,0.10961
0.20749,-0.41004,0.10897
0.20786,-0.41004,0.1086
0.20823,-0.41004,0.10796
0.20861,-0.41004,0.1076
0.20898,-0.41004,0.10697
0.20935,-0.41004,0.10661
0.20972,-0.41004,0.10599
0.21009,-0.41004,0.10563
0.21046,-0.41004,0.10502
0.21084,-0.41004,0.10467
0.21121,-0.41004,0.10407
0.21158,-0.41004,0.10373
0.21195,-0.41004,0.10313
0.21232,-0.41004,0.10279
0.2127,-0.41004,0.1022
0.21307,-0.41004,0.10187
0.21344,-0.41004,0.10129
0.21381,-0.41004,0.10096
0.21418,-0.41004,0.10039
0.21455,-0.41004,0.10007
0.21493,-0.41004,0.099496
0.2153,-0.41004,0.099183
0.21567,-0.41004,0.098617
0.21604,-0.41004,0.098309
0.21641,-0.41004,0.09775
0.21679,-0.41004,0.097446
0.21716,-0.41004,0.096893
0.21753,-0.41004,0.096595
0.2179,-0.41004,0.096047
0.21827,-0.41004,0.095754
0.21865,-0.41004,0.095212
0.21902,-0.41004,0.094923
0.21939,-0.41004,0.094387
0.21976,-0.41004,0.094103
0.22013,-0.41004,0.093572
0.2205,-0.41004,0.093292
0.22088,-0.41004,0.092767
0.22125,-0.41004,0.092492
0.22162,-0.41004,0.091971
0.22199,-0.41004,0.091701
0.22236,-0.41004,0.091185
0.22274,-0.41004,0.090919
0.22311,-0.41004,0.090409
0.22348,-0.41004,0.090147
0.22385,-0.41004,0.089641
0.22422,-0.41004,0.089383
0.22459,-0.41004,0.088882
0.22497,-0.41004,0.088628
0.22534,-0.41004,0.088132
0.22571,-0.41004,0.087882
0.22608,-0.41004,0.087391
0.22645,-0.41004,0.087145
0.22683,-0.41004,0.086658
0.2272,-0.41004,0.086415
0.22757,-0.41004,0.085933
0.22794,-0.41004,0.085694
0.22831,-0.41004,0.085216
0.22869,-0.41004,0.084981
0.22906,-0.41004,0.084507
0.22943,-0.41004,0.084275
0.2298,-0.41004,0.083806
0.23017,-0.41004,0.083578
0.23054,-0.41004,0.083113
0.23092,-0.41004,0.082887
0.23129,-0.41004,0.082426
0.23166,-0.41004,0.082205
0.23203,-0.41004,0.081748
0.2324,-0.41004,0.081529
0.23278,-0.41004,0.081076
0.23315,-0.41004,0.080861
0.23352,-0.41004,0.080412
0.23389,-0.41004,0.0802
0.23426,-0.41004,0.079754
0.23463,-0.41004,0.079545
0.23501,-0.41004,0.079104
0.23538,-0.41004,0.078898
0.23575,-0.41004,0.07846
0.23612,-0.41004,0.078257
0.23649,-0.41004,0.077823
0.23687,-0.41004,0.077623
0.23724,-0.41004,0.077192
0.23761,-0.41004,0.076995
0.23798,-0.41004,0.076568
0.23835,-0.41004,0.076373
0.23872,-0.41004,0.07595
0.2391,-0.41004,0.075758
0.23947,-0.41004,0.075338
0.23984,-0.41004,0.075149
0.24021,-0.41004,0.074732
0.24058,-0.41004,0.074546
0.24096,-0.41004,0.074133
0.24133,-0.41004,0.073949
0.2417,-0.41004,0.073539
0.24207,-0.41004,0.073358
0.24244,-0.41004,0.072951
0.24282,-0.41004,0.072773
0.24319,-0.41004,0.072369
0.24356,-0.41004,0.072193
0.24393,-0.41004,0.071792
0.2443,-0.41004,0.071619
0.24467,-0.41004,0.071221
0.24505,-0.41004,0.07105
0.24542,-0.41004,0.070656
0.24579,-0.41004,0.070487
0.24616,-0.41004,0.070096
0.24653,-0.41004,0.069929
0.24691,-0.41004,0.069541
0.24728,-0.41004,0.069377
0.24765,-0.41004,0.068991
0.24802,-0.41004,0.06883
0.24839,-0.41004,0.068447
0.24876,-0.41004,0.068287
0.24914,-0.41004,0.067908
0.24951,-0.41004,0.06775
0.24988,-0.41004,0.067373
0.25025,-0.41004,0.067218
0.25062,-0.41004,0.066844
0.251,-0.41004,0.066691
0.25137,-0.41004,0.06632
0.25174,-0.41004,0.066169
0.25211,-0.41004,0.0658
0.25248,-0.41004,0.065651
0.25286,-0.41004,0.065285
0.25323,-0.41004,0.065139
0.2536,-0.41004,0.064775
0.25397,-0.41004,0.06463
0.25434,-0.41004,0.06427
0.25471,-0.41004,0.064127
0.25509,-0.41004,0.063769
0.25546,-0.41004,0.063628
0.25583,-0.41004,0.063273
0.2562,-0.41004,0.063134
0.25657,-0.41004,0.062781
0.25695,-0.41004,0.062644
0.25732,-0.41004,0.062293
0.25769,-0.41004,0.062158
0.25806,-0.41004,0.06181
0.25843,-0.41004,0.061676
0.2588,-0.41004,0.061331
0.25918,-0.41004,0.061199
0.25955,-0.41004,0.060856
0.25992,-0.41004,0.060726
0.26029,-0.41004,0.060386
0.26066,-0.41004,0.060258
0.26104,-0.41004,0.059919
0.26141,-0.41004,0.059793
0.26178,-0.41004,0.059457
0.26215,-0.41004,0.059332
0.26252,-0.41004,0.058999
0.26289,-0.41004,0.058876
0.26327,-0.41004,0.058544
0.26364,-0.41004,0.058423
0.26401,-0.41004,0.058094
0.26438,-0.41004,0.057974
0.26475,-0.41004,0.057647
0.26513,-0.41004,0.05753
0.2655,-0.41004,0.057205
0.26587,-0.41004,0.057088
0.26624,-0.41004,0.056766
0.26661,-0.41004,0.056651
0.26699,-0.41004,0.056331
0.26736,-0.41004,0.056218
0.26773,-0.41004,0.055899
0.2681,-0.41004,0.055788
0.26847,-0.41004,0.055471
0.26884,-0.41004,0.055361
0.26922,-0.41004,0.055047
0.26959,-0.41004,0.054939
0.26996,-0.41004,0.054627
0.27033,-0.41004,0.05452
0.2707,-0.41004,0.05421
0.27108,-0.41004,0.054104
0.27145,-0.41004,0.053796
0.27182,-0.41004,0.053692
0.27219,-0.41004,0.053386
0.27256,-0.41004,0.053283
0.27293,-0.41004,0.052979
0.27331,-0.41004,0.052878
0.27368,-0.41004,0.052576
0.27405,-0.41004,0.052476
0.27442,-0.41004,0.052176
0.27479,-0.41004,0.052078
0.27517,-0.41004,0.05178
0.27554,-0.41004,0.051683
0.27591,-0.41004,0.051386
0.27628,-0.41004,0.051291
0.27665,-0.41004,0.050996
0.27703,-0.41004,0.050902
0.2774,-0.41004,0.050609
0.27777,-0.41004,0.050516
0.27814,-0.41004,0.050226
0.27851,-0.41004,0.050134
0.27888,-0.41004,0.049845
0.27926,-0.41004,0.049755
0.27963,-0.41004,0.049468
0.28,-0.41004,0.049378
0.28037,-0.41004,0.049093
0.28074,-0.41004,0.049005
0.28112,-0.41004,0.048722
0.28149,-0.41004,0.048635
0.28186,-0.41004,0.048353
0.28223,-0.41004,0.048268
0.2826,-0.41004,0.047988
0.28297,-0.41004,0.047904
0.28335,-0.41004,0.047626
0.28372,-0.41004,0.047543
0.28409,-0.41004,0.047266
0.28446,-0.41004,0.047184
0.28483,-0.41004,0.04691
0.28521,-0.41004,0.046829
0.28558,-0.41004,0.046556
0.28595,-0.41004,0.046476
0.28632,-0.41004,0.046205
0.28669,-0.41004,0.046127
0.28706,-0.41004,0.045857
0.28744,-0.41004,0.04578
0.28781,-0.41004,0.045512
0.28818,-0.41004,0.045436
0.28855,-0.41004,0.045169
0.28892,-0.41004,0.045094
0.2893,-0.41004,0.044829
0.28967,-0.41004,0.044755
0.29004,-0.41004,0.044492
0.29041,-0.41004,0.044419
0.29078,-0.41004,0.044158
0.29116,-0.41004,0.044086
0.29153,-0.41004,0.043826
0.2919,-0.41004,0.043755
0.29227,-0.41004,0.043497
0.29264,-0.41004,0.043427
0.29301,-0.41004,0.04317
0.29339,-0.41004,0.043102
0.29376,-0.41004,0.042846
0.29413,-0.41004,0.042779
0.2945,-0.41004,0.042525
0.29487,-0.41004,0.042458
0.29525,-0.41004,0.042206
0.29562,-0.41004,0.04214
0.29599,-0.41004,0.041889
0.29636,-0.41004,0.041825
0.29673,-0.41004,0.041575
0.2971,-0.41004,0.041512
0.29748,-0.41004,0.041264
0.29785,-0.41004,0.041201
0.29822,-0.41004,0.040955
0.29859,-0.41004,0.040893
0.29896,-0.41004,0.040648
0.29934,-0.41004,0.040587
0.29971,-0.41004,0.040344
0.30008,-0.41004,0.040284
0.30045,-0.41004,0.040042
0.30082,-0.41004,0.039983
0.30119,-0.41004,0.039742
0.30157,-0.41004,0.039684
0.30194,-0.41004,0.039445
0.30231,-0.41004,0.039388
0.30268,-0.41004,0.03915
0.30305,-0.41004,0.039094
0.30343,-0.41004,0.038857
0.3038,-0.41004,0.038802
0.30417,-0.41004,0.038567
0.30454,-0.41004,0.038513
0.30491,-0.41004,0.038279
0.30529,-0.41004,0.038226
0.30566,-0.41004,0.037993
0.30603,-0.41004,0.03794
0.3064,-0.41004,0.037709
0.30677,-0.41004,0.037658
0.30714,-0.41004,0.037428
0.30752,-0.41004,0.037377
0.30789,-0.41004,0.037148
0.30826,-0.41004,0.037098
0.30863,-0.41004,0.036871
0.309,-0.41004,0.036822
0.30938,-0.41004,0.036596
0.30975,-0.41004,0.036548
0.31012,-0.41004,0.036323
0.31049,-0.41004,0.036276
0.31086,-0.41004,0.036052
0.31123,-0.41004,0.036005
0.31161,-0.41004,0.035783
0.31198,-0.41004,0.035737
0.31235,-0.41004,0.035516
0.31272,-0.41004,0.035471
0.31309,-0.41004,0.035252
0.31347,-0.41004,0.035207
0.31384,-0.41004,0.034989
0.31421,-0.41004,0.034946
0.31458,-0.41004,0.034728
0.31495,-0.41004,0.034686
0.31533,-0.41004,0.034469
0.3157,-0.41004,0.034428
0.31607,-0.41004,0.034213
0.31644,-0.41004,0.034172
0.31681,-0.41004,0.033958
0.31718,-0.41004,0.033918
0.31756,-0.41004,0.033705
0.31793,-0.41004,0.033665
0.3183,-0.41004,0.033454
0.31867,-0.41004,0.033415
0.31904,-0.41004,0.033205
0.31942,-0.41004,0.033167
0.31979,-0.41004,0.032958
0.32016,-0.41004,0.03292
0.32053,-0.41004,0.032713
0.3209,-0.41004,0.032676
0.32127,-0.41004,0.032469
0.32165,-0.41004,0.032433
0.32202,-0.41004,0.032227
0.32239,-0.41004,0.032192
0.32276,-0.41004,0.031988
0.32313,-0.41004,0.031953
0.32351,-0.41004,0.03175
0.32388,-0.41004,0.031716
0.32425,-0.41004,0.031514
0.32462,-0.41004,0.03148
0.32499,-0.41004,0.031279
0.32536,-0.41004,0.031247
0.32574,-0.41004,0.031047
0.32611,-0.41004,0.031015
0.32648,-0.41004,0.030816
0.32685,-0.41004,0.030784
0.32722,-0.41004,0.030587
0.3276,-0.41004,0.030556
0.32797,-0.41004,0.030359
0.32834,-0.41004,0.030329
0.32871,-0.41004,0.030133
0.32908,-0.41004,0.030104
0.32946,-0.41004,0.029909
0.32983,-0.41004,0.029881
0.3302,-0.41004,0.029687
0.33057,-0.41004,0.029659
0.33094,-0.41004,0.029466
0.33131,-0.41004,0.029439
0.33169,-0.41004,0.029247
0.33206,-0.41004,0.029221
0.33243,-0.41004,0.02903
0.3328,-0.41004,0.029004
0.33317,-0.41004,0.028814
0.33355,0.41004,-0.23339
0.33392,0.41004,-0.2227
0.33429,0.41004,-0.21744
0.33466,0.41004,-0.21234
0.33503,0.41004,-0.20848
0.3354,0.41004,-0.20478
0.33578,0.41004,-0.20161
0.33615,0.41004,-0.19861
0.33652,0.41004,-0.19588
0.33689,0.41004,-0.19331
0.33726,0.41004,-0.19088
0.33764,0.41004,-0.18862
0.33801,0.41004,-0.18643
0.33838,0.41004,-0.18439
0.33875,0.41004,-0.18238
0.33912,0.41004,-0.18052
0.3395,0.41004,-0.17865
0.33987,0.41004,-0.17694
0.34024,0.41004,-0.17519
0.34061,0.41004,-0.1736
0.34098,0.41004,-0.17196
0.34135,0.41004,-0.17047
0.34173,0.41004,-0.16891
0.3421,0.41004,-0.16751
0.34247,0.41004,-0.16604
0.34284,0.41004,-0.16472
0.34321,0.41004,-0.16331
0.34359,0.41004,-0.16205
0.34396,0.41004,-0.1607
0.34433,0.41004,-0.15951
0.3447,0.41004,-0.15822
0.34507,0.41004,-0.15708
0.34544,0.41004,-0.15584
0.34582,0.41004,-0.15475
0.34619,0.41004,-0.15356
0.34656,0.41004,-0.15251
0.34693,0.41004,-0.15136
0.3473,0.41004,-0.15036
0.34768,0.41004,-0.14924
0.34805,0.41004,-0.14828
0.34842,0.41004,-0.1472
0.34879,0.41004,-0.14627
0.34916,0.41004,-0.14522
0.34953,0.41004,-0.14432
0.34991,0.41004,-0.14331
0.35028,0.41004,-0.14244
0.35065,0.41004,-0.14145
0.35102,0.41004,-0.14061
0.35139,0.41004,-0.13965
0.35177,0.41004,-0.13884
0.35214,0.41004,-0.1379
0.35251,0.41004,-0.13712
0.35288,0.41004,-0.1362
0.35325,0.41004,-0.13544
0.35363,0.41004,-0.13455
0.354,0.41004,-0.13381
0.35437,0.41004,-0.13294
0.35474,0.41004,-0.13222
0.35511,0.41004,-0.13137
0.35548,0.41004,-0.13067
0.35586,0.41004,-0.12984
0.35623,0.41004,-0.12915
0.3566,0.41004,-0.12834
0.35697,0.41004,-0.12768
0.35734,0.41004,-0.12688
0.35772,0.41004,-0.12623
0.35809,0.41004,-0.12545
0.35846,0.41004,-0.12482
0.35883,0.41004,-0.12406
0.3592,0.41004,-0.12344
0.35957,0.41004,-0.12269
0.35995,0.41004,-0.12209
0.36032,0.41004,-0.12136
0.36069,0.41004,-0.12077
0.36106,0.41004,-0.12005
0.36143,0.41004,-0.11948
0.36181,0.41004,-0.11877
0.36218,0.41004,-0.11821
0.36255,0.41004,-0.11751
0.36292,0.41004,-0.11696
0.36329,0.41004,-0.11628
0.36367,0.41004,-0.11574
0.36404,0.41004,-0.11507
0.36441,0.41004,-0.11455
0.36478,0.41004,-0.11388
0.36515,0.41004,-0.11337
0.36552,0.41004,-0.11272
0.3659,0.41004,-0.11222
0.36627,0.41004,-0.11158
0.36664,0.41004,-0.11108
0.36701,0.41004,-0.11046
0.36738,0.41004,-0.10997
0.36776,0.41004,-0.10935
0.36813,0.41004,-0.10888
0.3685,0.41004,-0.10827
0.36887,0.41004,-0.1078
0.36924,0.41004,-0.1072
0.36961,0.41004,-0.10675
0.36999,0.41004,-0.10616
0.37036,0.41004,-0.10571
0.37073,0.41004,-0.10512
0.3711,0.41004,-0.10469
0.37147,0.41004,-0.10411
0.37185,0.41004,-0.10368
0.37222,0.41004,-0.10311
0.37259,0.41004,-0.10269
0.37296,0.41004,-0.10213
0.37333,0.41004,-0.10171
0.3737,0.41004,-0.10116
0.37408,0.41004,-0.10075
0.37445,0.41004,-0.10021
0.37482,0.41004,-0.099808
0.37519,0.41004,-0.099272
0.37556,0.41004,-0.098877
0.37594,0.41004,-0.098347
0.37631,0.41004,-0.097959
0.37668,0.41004,-0.097436
0.37705,0.41004,-0.097055
0.37742,0.41004,-0.096539
0.3778,0.41004,-0.096164
0.37817,0.41004,-0.095654
0.37854,0.41004,-0.095285
0.37891,0.41004,-0.094782
0.37928,0.41004,-0.094419
0.37965,0.41004,-0.093922
0.38003,0.41004,-0.093565
0.3804,0.41004,-0.093073
0.38077,0.41004,-0.092722
0.38114,0.41004,-0.092237
0.38151,0.41004,-0.091891
0.38189,0.41004,-0.091411
0.38226,0.41004,-0.091071
0.38263,0.41004,-0.090597
0.383,0.41004,-0.090261
0.38337,0.41004,-0.089793
0.38374,0.41004,-0.089463
0.38412,0.41004,-0.089
0.38449,0.41004,-0.088675
0.38486,0.41004,-0.088216
0.38523,0.41004,-0.087896
0.3856,0.41004,-0.087443
0.38598,0.41004,-0.087128
0.38635,0.41004,-0.08668
0.38672,0.41004,-0.08637
0.38709,0.41004,-0.085926
0.38746,0.41004,-0.085621
0.38784,0.41004,-0.085182
0.38821,0.41004,-0.084881
0.38858,0.41004,-0.084447
0.38895,0.41004,-0.08415
0.38932,0.41004,-0.083721
0.38969,0.41004,-0.083428
0.39007,0.41004,-0.083003
0.39044,0.41004,-0.082714
0.39081,0.41004,-0.082294
0.39118,0.41004,-0.08201
0.39155,0.41004,-0.081594
0.39193,0.41004,-0.081313
0.3923,0.41004,-0.080901
0.39267,0.41004,-0.080625
0.39304,0.41004,-0.080217
0.39341,0.41004,-0.079944
0.39378,0.41004,-0.079541
0.39416,0.41004,-0.079272
0.39453,0.41004,-0.078872
0.3949,0.41004,-0.078607
0.39527,0.41004,-0.078211
0.39564,0.41004,-0.07795
0.39602,0.41004,-0.077558
0.39639,0.41004,-0.0773
0.39676,0.41004,-0.076912
0.39713,0.41004,-0.076657
0.3975,0.41004,-0.076273
0.39787,0.41004,-0.076021
0.39825,0.41004,-0.075641
0.39862,0.41004,-0.075393
0.39899,0.41004,-0.075016
0.39936,0.41004,-0.074771
0.39973,0.41004,-0.074397
0.40011,0.41004,-0.074156
0.40048,0.41004,-0.073786
0.40085,0.41004,-0.073547
0.40122,0.41004,-0.073181
0.40159,0.41004,-0.072945
0.40197,0.41004,-0.072582
0.40234,0.41004,-0.07235
0.40271,0.41004,-0.07199
0.40308,0.41004,-0.07176
0.40345,0.41004,-0.071403
0.40382,0.41004,-0.071177
0.4042,0.41004,-0.070823
0.40457,0.41004,-0.0706
0.40494,0.41004,-0.07025
0.40531,0.41004,-0.070029
0.40568,0.41004,-0.069681
0.40606,0.41004,-0.069464
0.40643,0.41004,-0.069119
0.4068,0.41004,-0.068904
0.40717,0.41004,-0.068563
0.40754,0.41004,-0.06835
0.40791,0.41004,-0.068012
0.40829,0.41004,-0.067802
0.40866,0.41004,-0.067466
0.40903,0.41004,-0.067259
0.4094,0.41004,-0.066926
0.40977,0.41004,-0.066722
0.41015,0.41004,-0.066392
0.41052,0.41004,-0.06619
0.41089,0.41004,-0.065862
0.41126,0.41004,-0.065663
0.41163,0.41004,-0.065338
0.412,0.41004,-0.065141
0.41238,0.41004,-0.064819
0.41275,0.41004,-0.064625
0.41312,0.41004,-0.064305
0.41349,0.41004,-0.064113
0.41386,0.41004,-0.063796
0.41424,0.41004,-0.063606
0.41461,0.41004,-0.063292
0.41498,0.41004,-0.063104
0.41535,0.41004,-0.062793
0.41572,0.41004,-0.062607
0.4161,0.41004,-0.062299
0.41647,0.41004,-0.062115
0.41684,0.41004,-0.061809
0.41721,0.41004,-0.061627
0.41758,0.41004,-0.061323
0.41795,0.41004,-0.061144
0.41833,0.41004,-0.060843
0.4187,0.41004,-0.060666
0.41907,0.41004,-0.060367
0.41944,0.41004,-0.060192
0.41981,0.41004,-0.059895
0.42019,0.41004,-0.059722
0.42056,0.41004,-0.059427
0.42093,0.41004,-0.059257
0.4213,0.41004,-0.058964
0.42167,0.41004,-0.058796
0.42204,0.41004,-0.058505
0.42242,0.41004,-0.058339
0.42279,0.41004,-0.058051
0.42316,0.41004,-0.057886
0.42353,0.41004,-0.0576
0.4239,0.41004,-0.057437
0.42428,0.41004,-0.057154
0.42465,0.41004,-0.056993
0.42502,0.41004,-0.056711
0.42539,0.41004,-0.056552
0.42576,0.41004,-0.056273
0.42614,0.41004,-0.056116
0.42651,0.41004,-0.055838
0.42688,0.41004,-0.055683
0.42725,0.41004,-0.055408
0.42762,0.41004,-0.055254
0.42799,0.41004,-0.054981
0.42837,0.41004,-0.054829
0.42874,0.41004,-0.054558
0.42911,0.41004,-0.054408
0.42948,0.41004,-0.054139
0.42985,0.41004,-0.05399
0.43023,0.41004,-0.053723
0.4306,0.41004,-0.053576
0.43097,0.41004,-0.053311
0.43134,0.41004,-0.053166
0.43171,0.41004,-0.052903
0.43208,0.41004,-0.052759
0.43246,0.41004,-0.052498
0.43283,0.41004,-0.052356
0.4332,0.41004,-0.052096
0.43357,0.41004,-0.051956
0.43394,0.41004,-0.051698
0.43432,0.41004,-0.05156
0.43469,0.41004,-0.051304
0.43506,0.41004,-0.051167
0.43543,0.41004,-0.050913
0.4358,0.41004,-0.050777
0.43617,0.41004,-0.050525
0.43655,0.41004,-0.050391
0.43692,0.41004,-0.050141
0.43729,0.41004,-0.050008
0.43766,0.41004,-0.04976
0.43803,0.41004,-0.049629
0.43841,0.41004,-0.049382
0.43878,0.41004,-0.049252
0.43915,0.41004,-0.049007
0.43952,0.41004,-0.048879
0.43989,0.41004,-0.048635
0.44027,0.41004,-0.048509
0.44064,0.41004,-0.048267
0.44101,0.41004,-0.048142
0.44138,0.41004,-0.047901
0.44175,0.41004,-0.047778
0.44212,0.41004,-0.047539
0.4425,0.41004,-0.047417
0.44287,0.41004,-0.04718
0.44324,0.41004,-0.047059
0.44361,0.41004,-0.046823
0.44398,0.41004,-0.046704
0.44436,0.41004,-0.04647
0.44473,0.41004,-0.046352
0.4451,0.41004,-0.04612
0.44547,0.41004,-0.046003
0.44584,0.41004,-0.045772
0.44621,0.41004,-0.045656
0.44659,0.41004,-0.045427
0.44696,0.41004,-0.045313
0.44733,0.41004,-0.045085
0.4477,0.41004,-0.044972
0.44807,0.41004,-0.044746
0.44845,0.41004,-0.044635
0.44882,0.41004,-0.04441
0.44919,0.41004,-0.0443
0.44956,0.41004,-0.044077
0.44993,0.41004,-0.043967
0.45031,0.41004,-0.043746
0.45068,0.41004,-0.043638
0.45105,0.41004,-0.043418
0.45142,0.41004,-0.043311
0.45179,0.41004,-0.043092
0.45216,0.41004,-0.042986
0.45254,0.41004,-0.042769
0.45291,0.41004,-0.042665
0.45328,0.41004,-0.042449
0.45365,0.41004,-0.042346
0.45402,0.41004,-0.042131
0.4544,0.41004,-0.042029
0.45477,0.41004,-0.041816
0.45514,0.41004,-0.041715
0.45551,0.41004,-0.041504
0.45588,0.41004,-0.041404
0.45625,0.41004,-0.041193
0.45663,0.41004,-0.041095
0.457,0.41004,-0.040886
0.45737,0.41004,-0.040788
0.45774,0.41004,-0.040581
0.45811,0.41004,-0.040484
0.45849,0.41004,-0.040278
0.45886,0.41004,-0.040183
0.45923,0.41004,-0.039978
0.4596,0.41004,-0.039883
0.45997,0.41004,-0.03968
0.46034,0.41004,-0.039586
0.46072,0.41004,-0.039384
0.46109,0.41004,-0.039292
0.46146,0.41004,-0.039091
0.46183,0.41004,-0.039
0.4622,0.41004,-0.0388
0.46258,0.41004,-0.03871
0.46295,0.41004,-0.038511
0.46332,0.41004,-0.038422
0.46369,0.41004,-0.038225
0.46406,0.41004,-0.038137
0.46444,0.41004,-0.037941
0.46481,0.41004,-0.037854
0.46518,0.41004,-0.037659
0.46555,0.41004,-0.037573
0.46592,0.41004,-0.037379
0.46629,0.41004,-0.037294
0.46667,0.41004,-0.037102
0.46704,0.41004,-0.037018
0.46741,0.41004,-0.036826
0.46778,0.41004,-0.036743
0.46815,0.41004,-0.036553
0.46853,0.41004,-0.036471
0.4689,0.41004,-0.036282
0.46927,0.41004,-0.036201
0.46964,0.41004,-0.036013
0.47001,0.41004,-0.035933
0.47038,0.41004,-0.035746
0.47076,0.41004,-0.035667
0.47113,0.41004,-0.035482
0.4715,0.41004,-0.035403
0.47187,0.41004,-0.035219
0.47224,0.41004,-0.035141
0.47262,0.41004,-0.034958
0.47299,0.41004,-0.034882
0.47336,0.41004,-0.0347
0.47373,0.41004,-0.034624
0.4741,0.41004,-0.034443
0.47448,0.41004,-0.034368
0.47485,0.41004,-0.034188
0.47522,0.41004,-0.034114
0.47559,0.41004,-0.033936
0.47596,0.41004,-0.033862
0.47633,0.41004,-0.033685
0.47671,0.41004,-0.033612
0.47708,0.41004,-0.033436
0.47745,0.41004,-0.033364
0.47782,0.41004,-0.033189
0.47819,0.41004,-0.033118
0.47857,0.41004,-0.032944
0.47894,0.41004,-0.032874
0.47931,0.41004,-0.032701
0.47968,0.41004,-0.032632
0.48005,0.41004,-0.03246
0.48042,0.41004,-0.032391
0.4808,0.41004,-0.03222
0.48117,0.41004,-0.032153
0.48154,0.41004,-0.031982
0.48191,0.41004,-0.031916
0.48228,0.41004,-0.031747
0.48266,0.41004,-0.031681
0.48303,0.41004,-0.031513
0.4834,0.41004,-0.031448
0.48377,0.41004,-0.03128
0.48414,0.41004,-0.031216
0.48451,0.41004,-0.03105
0.48489,0.41004,-0.030987
0.48526,0.41004,-0.030821
0.48563,0.41004,-0.030759
0.486,0.41004,-0.030594
0.48637,0.41004,-0.030532
0.48675,0.41004,-0.030369
0.48712,0.41004,-0.030308
0.48749,0.41004,-0.030146
0.48786,0.41004,-0.030085
0.48823,0.41004,-0.029924
0.48861,0.41004,-0.029864
0.48898,0.41004,-0.029704
0.48935,0.41004,-0.029645
0.48972,0.41004,-0.029485
0.49009,0.41004,-0.029427
0.49046,0.41004,-0.029268
0.49084,0.41004,-0.029211
0.49121,0.41004,-0.029053
0.49158,0.41004,-0.028996
0.49195,0.41004,-0.02884
0.49232,0.41004,-0.028784
0.4927,0.41004,-0.028628
0.49307,0.41004,-0.028572
0.49344,0.41004,-0.028417
0.49381,0.41004,-0.028363
0.49418,0.41004,-0.028209
0.49455,0.41004,-0.028155
0.49493,0.41004,-0.028001
0.4953,0.41004,-0.027948
0.49567,0.41004,-0.027796
0.49604,0.41004,-0.027743
0.49641,0.41004,-0.027592
0.49679,0.41004,-0.02754
0.49716,0.41004,-0.027389
0.49753,0.41004,-0.027338
0.4979,0.41004,-0.027188
0.49827,0.41004,-0.027137
0.49865,0.41004,-0.026989
0.49902,0.41004,-0.026939
0.49939,0.41004,-0.026791
0.49976,0.41004,-0.026741
0.50013,-0.41004,0.23559
0.5005,-0.41004,0.22476
0.50088,-0.41004,0.21962
0.50125,-0.41004,0.21438
0.50162,-0.41004,0.21064
0.50199,-0.41004,0.20679
0.50236,-0.41004,0.20375
0.50274,-0.41004,0.20061
0.50311,-0.41004,0.198
0.50348,-0.41004,0.19529
0.50385,-0.41004,0.19299
0.50422,-0.41004,0.19059
0.50459,-0.41004,0.18851
0.50497,-0.41004,0.18634
0.50534,-0.41004,0.18444
0.50571,-0.41004,0.18245
0.50608,-0.41004,0.1807
0.50645,-0.41004,0.17885
0.50683,-0.41004,0.17722
0.5072,-0.41004,0.1755
0.50757,-0.41004,0.17397
0.50794,-0.41004,0.17235
0.50831,-0.41004,0.17091
0.50868,-0.41004,0.16938
0.50906,-0.41004,0.16802
0.50943,-0.41004,0.16656
0.5098,-0.41004,0.16527
0.51017,-0.41004,0.16388
0.51054,-0.41004,0.16265
0.51092,-0.41004,0.16133
0.51129,-0.41004,0.16015
0.51166,-0.41004,0.15888
0.51203,-0.41004,0.15776
0.5124,-0.41004,0.15653
0.51278,-0.41004,0.15545
0.51315,-0.41004,0.15428
0.51352,-0.41004,0.15324
0.51389,-0.41004,0.15211
0.51426,-0.41004,0.15111
0.51463,-0.41004,0.15001
0.51501,-0.41004,0.14905
0.51538,-0.41004,0.14799
0.51575,-0.41004,0.14705
0.51612,-0.41004,0.14603
0.51649,-0.41004,0.14512
0.51687,-0.41004,0.14413
0.51724,-0.41004,0.14325
0.51761,-0.41004,0.14229
0.51798,-0.41004,0.14144
0.51835,-0.41004,0.1405
0.51872,-0.41004,0.13967
0.5191,-0.41004,0.13876
0.51947,-0.41004,0.13796
0.51984,-0.41004,0.13707
0.52021,-0.41004,0.13629
0.52058,-0.41004,0.13542
0.52096,-0.41004,0.13466
0.52133,-0.41004,0.13381
0.5217,-0.41004,0.13308
0.52207,-0.41004,0.13225
0.52244,-0.41004,0.13153
0.52281,-0.41004,0.13072
0.52319,-0.41004,0.13002
0.52356,-0.41004,0.12923
0.52393,-0.41004,0.12855
0.5243,-0.41004,0.12777
0.52467,-0.41004,0.1271
0.52505,-0.41004,0.12635
0.52542,-0.41004,0.1257
0.52579,-0.41004,0.12495
0.52616,-0.41004,0.12432
0.52653,-0.41004,0.12359
0.52691,-0.41004,0.12297
0.52728,-0.41004,0.12225
0.52765,-0.41004,0.12164
0.52802,-0.41004,0.12094
0.52839,-0.41004,0.12035
0.52876,-0.41004,0.11966
0.52914,-0.41004,0.11908
0.52951,-0.41004,0.1184
0.52988,-0.41004,0.11783
0.53025,-0.41004,0.11717
0.53062,-0.41004,0.11661
0.531,-0.41004,0.11596
0.53137,-0.41004,0.11541
0.53174,-0.41004,0.11477
0.53211,-0.41004,0.11423
0.53248,-0.41004,0.1136
0.53285,-0.41004,0.11308
0.53323,-0.41004,0.11246
0.5336,-0.41004,0.11194
0.53397,-0.41004,0.11133
0.53434,-0.41004,0.11082
0.53471,-0.41004,0.11023
0.53509,-0.41004,0.10973
0.53546,-0.41004,0.10914
0.53583,-0.41004,0.10865
0.5362,-0.41004,0.10807
0.53657,-0.41004,0.10759
0.53695,-0.41004,0.10702
0.53732,-0.41004,0.10654
0.53769,-0.41004,0.10598
0.53806,-0.41004,0.10552
0.53843,-0.41004,0.10496
0.5388,-0.41004,0.1045
0.53918,-0.41004,0.10396
0.53955,-0.41004,0.10351
0.53992,-0.41004,0.10297
0.54029,-0.41004,0.10253
0.54066,-0.41004,0.102
0.54104,-0.41004,0.10157
0.54141,-0.41004,0.10104
0.54178,-0.41004,0.10061
0.54215,-0.41004,0.1001
0.54252,-0.41004,0.099678
0.54289,-0.41004,0.099169
0.54327,-0.41004,0.098755
0.54364,-0.41004,0.098253
0.54401,-0.41004,0.097845
0.54438,-0.41004,0.09735
0.54475,-0.41004,0.096949
0.54513,-0.41004,0.09646
0.5455,-0.41004,0.096064
0.54587,-0.41004,0.095582
0.54624,-0.41004,0.095192
0.54661,-0.41004,0.094716
0.54698,-0.41004,0.094332
0.54736,-0.41004,0.093862
0.54773,-0.41004,0.093484
0.5481,-0.41004,0.093019
0.54847,-0.41004,0.092647
0.54884,-0.41004,0.092188
0.54922,-0.41004,0.091821
0.54959,-0.41004,0.091368
0.54996,-0.41004,0.091006
0.55033,-0.41004,0.090558
0.5507,-0.41004,0.090201
0.55108,-0.41004,0.089759
0.55145,-0.41004,0.089407
0.55182,-0.41004,0.088969
0.55219,-0.41004,0.088623
0.55256,-0.41004,0.08819
0.55293,-0.41004,0.087848
0.55331,-0.41004,0.087421
0.55368,-0.41004,0.087084
0.55405,-0.41004,0.086661
0.55442,-0.41004,0.086328
0.55479,-0.41004,0.085911
0.55517,-0.41004,0.085582
0.55554,-0.41004,0.085169
0.55591,-0.41004,0.084845
0.55628,-0.41004,0.084437
0.55665,-0.41004,0.084117
0.55702,-0.41004,0.083713
0.5574,-0.41004,0.083398
0.55777,-0.41004,0.082998
0.55814,-0.41004,0.082686
0.55851,-0.41004,0.082291
0.55888,-0.41004,0.081984
0.55926,-0.41004,0.081592
0.55963,-0.41004,0.081289
0.56,-0.41004,0.080902
0.56037,-0.41004,0.080602
0.56074,-0.41004,0.080219
0.56112,-0.41004,0.079924
0.56149,-0.41004,0.079545
0.56186,-0.41004,0.079253
0.56223,-0.41004,0.078877
0.5626,-0.41004,0.078589
0.56297,-0.41004,0.078218
0.56335,-0.41004,0.077933
0.56372,-0.41004,0.077565
0.56409,-0.41004,0.077284
0.56446,-0.41004,0.07692
0.56483,-0.41004,0.076642
0.56521,-0.41004,0.076282
0.56558,-0.41004,0.076007
0.56595,-0.41004,0.07565
0.56632,-0.41004,0.075379
0.56669,-0.41004,0.075026
0.56706,-0.41004,0.074758
0.56744,-0.41004,0.074408
0.56781,-0.41004,0.074143
0.56818,-0.41004,0.073797
0.56855,-0.41004,0.073535
0.56892,-0.41004,0.073192
0.5693,-0.41004,0.072933
0.56967,-0.41004,0.072593
0.57004,-0.41004,0.072338
0.57041,-0.41004,0.072001
0.57078,-0.41004,0.071749
0.57115,-0.41004,0.071415
0.57153,-0.41004,0.071165
0.5719,-0.41004,0.070835
0.57227,-0.41004,0.070588
0.57264,-0.41004,0.070261
0.57301,-0.41004,0.070017
0.57339,-0.41004,0.069692
0.57376,-0.41004,0.069451
0.57413,-0.41004,0.06913
0.5745,-0.41004,0.068891
0.57487,-0.41004,0.068573
0.57525,-0.41004,0.068337
0.57562,-0.41004,0.068021
0.57599,-0.41004,0.067788
0.57636,-0.41004,0.067475
0.57673,-0.41004,0.067245
0.5771,-0.41004,0.066935
0.57748,-0.41004,0.066707
0.57785,-0.41004,0.066399
0.57822,-0.41004,0.066174
0.57859,-0.41004,0.065869
0.57896,-0.41004,0.065646
0.57934,-0.41004,0.065344
0.57971,-0.41004,0.065124
0.58008,-0.41004,0.064824
0.58045,-0.41004,0.064607
0.58082,-0.41004,0.06431
0.58119,-0.41004,0.064094
0.58157,-0.41004,0.0638
0.58194,-0.41004,0.063586
0.58231,-0.41004,0.063294
0.58268,-0.41004,0.063084
0.58305,-0.41004,0.062794
0.58343,-0.41004,0.062586
0.5838,-0.41004,0.062298
0.58417,-0.41004,0.062092
0.58454,-0.41004,0.061808
0.58491,-0.41004,0.061603
0.58529,-0.41004,0.061321
0.58566,-0.41004,0.061119
0.58603,-0.41004,0.060839
0.5864,-0.41004,0.060639
0.58677,-0.41004,0.060362
0.58714,-0.41004,0.060164
0.58752,-0.41004,0.059889
0.58789,-0.41004,0.059693
0.58826,-0.41004,0.05942
0.58863,-0.41004,0.059227
0.589,-0.41004,0.058956
0.58938,-0.41004,0.058764
0.58975,-0.41004,0.058495
0.59012,-0.41004,0.058306
0.59049,-0.41004,0.058039
0.59086,-0.41004,0.057852
0.59123,-0.41004,0.057587
0.59161,-0.41004,0.057402
0.59198,-0.41004,0.057139
0.59235,-0.41004,0.056956
0.59272,-0.41004,0.056696
0.59309,-0.41004,0.056514
0.59347,-0.41004,0.056256
0.59384,-0.41004,0.056076
0.59421,-0.41004,0.05582
0.59458,-0.41004,0.055642
0.59495,-0.41004,0.055387
0.59532,-0.41004,0.055211
0.5957,-0.41004,0.054959
0.59607,-0.41004,0.054785
0.59644,-0.41004,0.054534
0.59681,-0.41004,0.054362
0.59718,-0.41004,0.054113
0.59756,-0.41004,0.053943
0.59793,-0.41004,0.053696
0.5983,-0.41004,0.053527
0.59867,-0.41004,0.053283
0.59904,-0.41004,0.053115
0.59942,-0.41004,0.052872
0.59979,-0.41004,0.052707
0.60016,-0.41004,0.052466
0.60053,-0.41004,0.052302
0.6009,-0.41004,0.052063
0.60127,-0.41004,0.051901
0.60165,-0.41004,0.051663
0.60202,-0.41004,0.051503
0.60239,-0.41004,0.051267
0.60276,-0.41004,0.051108
0.60313,-0.41004,0.050874
0.60351,-0.41004,0.050717
0.60388,-0.41004,0.050485
0.60425,-0.41004,0.050329
0.60462,-0.41004,0.050099
0.60499,-0.41004,0.049944
0.60536,-0.41004,0.049716
0.60574,-0.41004,0.049563
0.60611,-0.41004,0.049336
0.60648,-0.41004,0.049185
0.60685,-0.41004,0.04896
0.60722,-0.41004,0.04881
0.6076,-0.41004,0.048586
0.60797,-0.41004,0.048438
0.60834,-0.41004,0.048216
0.60871,-0.41004,0.048069
0.60908,-0.41004,0.047849
0.60946,-0.41004,0.047704
0.60983,-0.41004,0.047485
0.6102,-0.41004,0.047341
0.61057,-0.41004,0.047124
0.61094,-0.41004,0.046981
0.61131,-0.41004,0.046766
0.61169,-0.41004,0.046625
0.61206,-0.41004,0.046411
0.61243,-0.41004,0.046271
0.6128,-0.41004,0.046058
0.61317,-0.41004,0.04592
0.61355,-0.41004,0.045709
0.61392,-0.41004,0.045572
0.61429,-0.41004,0.045363
0.61466,-0.41004,0.045227
0.61503,-0.41004,0.045019
0.6154,-0.41004,0.044885
0.61578,-0.41004,0.044678
0.61615,-0.41004,0.044545
0.61652,-0.41004,0.04434
0.61689,-0.41004,0.044208
0.61726,-0.41004,0.044005
0.61764,-0.41004,0.043874
0.61801,-0.41004,0.043672
0.61838,-0.41004,0.043543
0.61875,-0.41004,0.043342
0.61912,-0.41004,0.043214
0.61949,-0.41004,0.043015
0.61987,-0.41004,0.042888
0.62024,-0.41004,0.04269
0.62061,-0.41004,0.042565
0.62098,-0.41004,0.042368
0.62135,-0.41004,0.042244
0.62173,-0.41004,0.042049
0.6221,-0.41004,0.041926
0.62247,-0.41004,0.041732
0.62284,-0.41004,0.04161
0.62321,-0.41004,0.041418
0.62359,-0.41004,0.041297
0.62396,-0.41004,0.041106
0.62433,-0.41004,0.040986
0.6247,-0.41004,0.040797
0.62507,-0.41004,0.040678
0.62544,-0.41004,0.04049
0.62582,-0.41004,0.040372
0.62619,-0.41004,0.040185
0.62656,-0.41004,0.040069
0.62693,-0.41004,0.039883
0.6273,-0.41004,0.039768
0.62768,-0.41004,0.039583
0.62805,-0.41004,0.03947
0.62842,-0.41004,0.039286
0.62879,-0.41004,0.039173
0.62916,-0.41004,0.038991
0.62953,-0.41004,0.03888
0.62991,-0.41004,0.038699
0.63028,-0.41004,0.038588
0.63065,-0.41004,0.038408
0.63102,-0.41004,0.038299
0.63139,-0.41004,0.03812
0.63177,-0.41004,0.038012
0.63214,-0.41004,0.037834
0.63251,-0.41004,0.037727
0.63288,-0.41004,0.037551
0.63325,-0.41004,0.037444
0.63362,-0.41004,0.037269
0.634,-0.41004,0.037164
0.63437,-0.41004,0.03699
0.63474,-0.41004,0.036886
0.63511,-0.41004,0.036713
0.63548,-0.41004,0.03661
0.63586,-0.41004,0.036438
0.63623,-0.41004,0.036336
0.6366,-0.41004,0.036166
0.63697,-0.41004,0.036064
0.63734,-0.41004,0.035895
0.63772,-0.41004,0.035795
0.63809,-0.41004,0.035627
0.63846,-0.41004,0.035527
0.63883,-0.41004,0.03536
0.6392,-0.41004,0.035262
0.63957,-0.41004,0.035096
0.63995,-0.41004,0.034998
0.64032,-0.41004,0.034834
0.64069,-0.41004,0.034737
0.64106,-0.41004,0.034573
0.64143,-0.41004,0.034478
0.64181,-0.41004,0.034315
0.64218,-0.41004,0.03422
0.64255,-0.41004,0.034059
0.64292,-0.41004,0.033965
0.64329,-0.41004,0.033804
0.64366,-0.41004,0.033712
0.64404,-0.41004,0.033552
0.64441,-0.41004,0.03346
0.64478,-0.41004,0.033302
0.64515,-0.41004,0.033211
0.64552,-0.41004,0.033053
0.6459,-0.41004,0.032963
0.64627,-0.41004,0.032806
0.64664,-0.41004,0.032717
0.64701,-0.41004,0.032562
0.64738,-0.41004,0.032473
0.64776,-0.41004,0.032319
0.64813,-0.41004,0.032231
0.6485,-0.41004,0.032078
0.64887,-0.41004,0.031991
0.64924,-0.41004,0.031839
0.64961,-0.41004,0.031753
0.64999,-0.41004,0.031601
0.65036,-0.41004,0.031517
0.65073,-0.41004,0.031366
0.6511,-0.41004,0.031282
0.65147,-0.41004,0.031132
0.65185,-0.41004,0.031049
0.65222,-0.41004,0.0309
0.65259,-0.41004,0.030818
0.65296,-0.41004,0.03067
0.65333,-0.41004,0.030588
0.6537,-0.41004,0.030442
0.65408,-0.41004,0.030361
0.65445,-0.41004,0.030215
0.65482,-0.41004,0.030135
0.65519,-0.41004,0.02999
0.65556,-0.41004,0.029911
0.65594,-0.41004,0.029767
0.65631,-0.41004,0.029688
0.65668,-0.41004,0.029545
0.65705,-0.41004,0.029467
0.65742,-0.41004,0.029325
0.65779,-0.41004,0.029248
0.65817,-0.41004,0.029107
0.65854,-0.41004,0.029031
0.65891,-0.41004,0.02889
0.65928,-0.41004,0.028815
0.65965,-0.41004,0.028675
0.66003,-0.41004,0.028601
0.6604,-0.41004,0.028462
0.66077,-0.41004,0.028388
0.66114,-0.41004,0.02825
0.66151,-0.41004,0.028177
0.66189,-0.41004,0.02804
0.66226,-0.41004,0.027967
0.66263,-0.41004,0.027831
0.663,-0.41004,0.02776
0.66337,-0.41004,0.027624
0.66374,-0.41004,0.027553
0.66412,-0.41004,0.027419
0.66449,-0.41004,0.027349
0.66486,-0.41004,0.027215
0.66523,-0.41004,0.027145
0.6656,-0.41004,0.027013
0.66598,-0.41004,0.026944
0.66635,-0.41004,0.026812
0.66672,0.41004,-0.23544
0.66709,0.41004,-0.22469
0.66746,0.41004,-0.21947
0.66783,0.41004,-0.21432
0.66821,0.41004,-0.21049
0.66858,0.41004,-0.20673
0.66895,0.41004,-0.20361
0.66932,0.41004,-0.20055
0.66969,0.41004,-0.19786
0.67007,0.41004,-0.19524
0.67044,0.41004,-0.19286
0.67081,0.41004,-0.19054
0.67118,0.41004,-0.18838
0.67155,0.41004,-0.18629
0.67193,0.41004,-0.18432
0.6723,0.41004,-0.18241
0.67267,0.41004,-0.18058
0.67304,0.41004,-0.17881
0.67341,0.41004,-0.17711
0.67378,0.41004,-0.17546
0.67416,0.41004,-0.17386
0.67453,0.41004,-0.17231
0.6749,0.41004,-0.1708
0.67527,0.41004,-0.16935
0.67564,0.41004,-0.16791
0.67602,0.41004,-0.16653
0.67639,0.41004,-0.16517
0.67676,0.41004,-0.16386
0.67713,0.41004,-0.16255
0.6775,0.41004,-0.16131
0.67787,0.41004,-0.16005
0.67825,0.41004,-0.15886
0.67862,0.41004,-0.15766
0.67899,0.41004,-0.15652
0.67936,0.41004,-0.15536
0.67973,0.41004,-0.15427
0.68011,0.41004,-0.15315
0.68048,0.41004,-0.1521
0.68085,0.41004,-0.15102
0.68122,0.41004,-0.15001
0.68159,0.41004,-0.14896
0.68196,0.41004,-0.14798
0.68234,0.41004,-0.14697
0.68271,0.41004,-0.14603
0.68308,0.41004,-0.14505
0.68345,0.41004,-0.14413
0.68382,0.41004,-0.14318
0.6842,0.41004,-0.14229
0.68457,0.41004,-0.14137
0.68494,0.41004,-0.14051
0.68531,0.41004,-0.13961
0.68568,0.41004,-0.13877
0.68606,0.41004,-0.1379
0.68643,0.41004,-0.13708
0.6868,0.41004,-0.13623
0.68717,0.41004,-0.13544
0.68754,0.41004,-0.13461
0.68791,0.41004,-0.13383
0.68829,0.41004,-0.13302
0.68866,0.41004,-0.13227
0.68903,0.41004,-0.13148
0.6894,0.41004,-0.13075
0.68977,0.41004,-0.12997
0.69015,0.41004,-0.12926
0.69052,0.41004,-0.1285
0.69089,0.41004,-0.1278
0.69126,0.41004,-0.12706
0.69163,0.41004,-0.12638
0.692,0.41004,-0.12566
0.69238,0.41004,-0.12499
0.69275,0.41004,-0.12428
0.69312,0.41004,-0.12363
0.69349,0.41004,-0.12293
0.69386,0.41004,-0.12229
0.69424,0.41004,-0.12161
0.69461,0.41004,-0.12099
0.69498,0.41004,-0.12032
0.69535,0.41004,-0.11971
0.69572,0.41004,-0.11905
0.6961,0.41004,-0.11845
0.69647,0.41004,-0.11781
0.69684,0.41004,-0.11722
0.69721,0.41004,-0.11659
0.69758,0.41004,-0.11601
0.69795,0.41004,-0.11539
0.69833,0.41004,-0.11483
0.6987,0.41004,-0.11422
0.69907,0.41004,-0.11366
0.69944,0.41004,-0.11306
0.69981,0.41004,-0.11252
0.70019,0.41004,-0.11193
0.70056,0.41004,-0.1114
0.70093,0.41004,-0.11082
0.7013,0.41004,-0.11029
0.70167,0.41004,-0.10972
0.70204,0.41004,-0.10921
0.70242,0.41004,-0.10865
0.70279,0.41004,-0.10814
0.70316,0.41004,-0.10759
0.70353,0.41004,-0.10709
0.7039,0.41004,-0.10655
0.70428,0.41004,-0.10606
0.70465,0.41004,-0.10552
0.70502,0.41004,-0.10504
0.70539,0.41004,-0.10451
0.70576,0.41004,-0.10404
0.70613,0.41004,-0.10352
0.70651,0.41004,-0.10306
0.70688,0.41004,-0.10254
0.70725,0.41004,-0.10209
0.70762,0.41004,-0.10158
0.70799,0.41004,-0.10113
0.70837,0.41004,-0.10063
0.70874,0.41004,-0.10019
0.70911,0.41004,-0.099698
0.70948,0.41004,-0.099263
0.70985,0.41004,-0.098778
0.71023,0.41004,-0.098349
0.7106,0.41004,-0.09787
0.71097,0.41004,-0.097448
0.71134,0.41004,-0.096976
0.71171,0.41004,-0.09656
0.71208,0.41004,-0.096094
0.71246,0.41004,-0.095684
0.71283,0.41004,-0.095224
0.7132,0.41004,-0.094821
0.71357,0.41004,-0.094367
0.71394,0.41004,-0.093969
0.71432,0.41004,-0.093521
0.71469,0.41004,-0.093128
0.71506,0.41004,-0.092686
0.71543,0.41004,-0.092299
0.7158,0.41004,-0.091862
0.71617,0.41004,-0.091481
0.71655,0.41004,-0.091049
0.71692,0.41004,-0.090673
0.71729,0.41004,-0.090247
0.71766,0.41004,-0.089876
0.71803,0.41004,-0.089455
0.71841,0.41004,-0.089089
0.71878,0.41004,-0.088673
0.71915,0.41004,-0.088312
0.71952,0.41004,-0.087901
0.71989,0.41004,-0.087544
0.72027,0.41004,-0.087138
0.72064,0.41004,-0.086787
0.72101,0.41004,-0.086385
0.72138,0.41004,-0.086038
0.72175,0.41004,-0.085641
0.72212,0.41004,-0.085299
0.7225,0.41004,-0.084906
0.72287,0.41004,-0.084568
0.72324,0.41004,-0.08418
0.72361,0.41004,-0.083846
0.72398,0.41004,-0.083463
0.72436,0.41004,-0.083133
0.72473,0.41004,-0.082754
0.7251,0.41004,-0.082428
0.72547,0.41004,-0.082053
0.72584,0.41004,-0.081732
0.72621,0.41004,-0.08136
0.72659,0.41004,-0.081043
0.72696,0.41004,-0.080676
0.72733,0.41004,-0.080362
0.7277,0.41004,-0.079999
0.72807,0.41004,-0.079689
0.72845,0.41004,-0.07933
0.72882,0.41004,-0.079024
0.72919,0.41004,-0.078668
0.72956,0.41004,-0.078366
0.72993,0.41004,-0.078014
0.7303,0.41004,-0.077716
0.73068,0.41004,-0.077367
0.73105,0.41004,-0.077072
0.73142,0.41004,-0.076727
0.73179,0.41004,-0.076436
0.73216,0.41004,-0.076094
0.73254,0.41004,-0.075806
0.73291,0.41004,-0.075468
0.73328,0.41004,-0.075183
0.73365,0.41004,-0.074849
0.73402,0.41004,-0.074567
0.7344,0.41004,-0.074236
0.73477,0.41004,-0.073958
0.73514,0.41004,-0.07363
0.73551,0.41004,-0.073355
0.73588,0.41004,-0.07303
0.73625,0.41004,-0.072758
0.73663,0.41004,-0.072436
0.737,0.41004,-0.072167
0.73737,0.41004,-0.071849
0.73774,0.41004,-0.071583
0.73811,0.41004,-0.071267
0.73849,0.41004,-0.071005
0.73886,0.41004,-0.070692
0.73923,0.41004,-0.070432
0.7396,0.41004,-0.070122
0.73997,0.41004,-0.069865
0.74034,0.41004,-0.069559
0.74072,0.41004,-0.069304
0.74109,0.41004,-0.069001
0.74146,0.41004,-0.068749
0.74183,0.41004,-0.068448
0.7422,0.41004,-0.068199
0.74258,0.41004,-0.067901
0.74295,0.41004,-0.067655
0.74332,0.41004,-0.067359
